(0, 0): 85, 42, 0
(0, 1): 86, 42, 0
(0, 2): 17, 42, 0
(0, 3): 17, 42, 0
(0, 4): 17, 42, 0
(0, 5): 1, 42, 0
(1, 0): 85, 42, 0
(1, 1): 86, 42, 0
(1, 2): 17, 42, 0
(1, 3): 17, 42, 0
(1, 4): 17, 42, 0
(1, 5): 1, 6, 0
(1, 6): 1, 7, 0
(1, 7): 1, 8, 0
(1, 8): 1, 9, 0
(2, 0): 54, 34, 40
(2, 1): 30, 7, 41
(2, 2): 34, 35, 42
(2, 3): 35, 36, 43
(2, 4): 78, 4, 44
(2, 5): 31, 8, 45
(2, 6): 48, 31, 46
(2, 7): 47, 12, 47
(3, 0): 80, 19, 48
(3, 1): 51, 20, 49
(3, 2): 39, 26, 50
(3, 3): 40, 30, 51
(3, 4): 79, 17, 52
(3, 5): 62, 29, 54
(3, 6): 37, 18, 53
(3, 7): 36, 6, 55
(4, 0): 54, 34, 56
(4, 1): 30, 7, 57
(4, 2): 34, 35, 58
(4, 3): 35, 36, 59
(4, 4): 78, 4, 60
(4, 5): 31, 8, 61
(4, 6): 48, 31, 62
(4, 7): 47, 12, 63
(5, 0): 80, 19, 64
(5, 1): 51, 20, 65
(5, 2): 39, 26, 66
(5, 3): 40, 30, 67
(5, 4): 79, 17, 68
(5, 5): 62, 29, 70
(5, 6): 37, 18, 69
(5, 7): 36, 6, 71
(6, 0): 50, 20, 104
(6, 1): 77, 25, 105
(6, 2): 60, 11, 106
(6, 3): 75, 19, 107
(6, 4): 27, 15, 108
(6, 5): 76, 24, 109
(6, 6): 74, 17, 110
(6, 7): 61, 18, 111
(7, 0): 55, 33, 112
(7, 1): 29, 9, 113
(7, 2): 52, 22, 114
(7, 3): 73, 3, 115
(7, 4): 59, 21, 116
(7, 5): 32, 23, 117
(7, 6): 56, 16, 118
(7, 7): 28, 2, 119
(8, 0): 67, 22, 1
(8, 1): 16, 41, 2
(9, 0): 68, 34, 3
(9, 1): 72, 27, 4
(9, 2): 14, 41, 5
(10, 0): 84, 33, 6
(10, 1): 82, 4, 7
(10, 2): 15, 41, 8
(11, 0): 70, 1, 10
(11, 1): 63, 29, 9
(11, 2): 13, 41, 11
(12, 0): 65, 9, 12
(12, 1): 10, 41, 13
(13, 0): 11, 41, 14
(14, 0): 1, 37, 15
(14, 1): 1, 38, 16
(14, 2): 2, 45, 17
(14, 3): 2, 44, 18
(15, 0): 66, 31, 19
(15, 1): 83, 16, 20
(15, 2): 12, 41, 21
(16, 0): 81, 3, 22
(16, 1): 64, 2, 23
(16, 2): 9, 41, 24
(17, 0): 5, 40, 25
(17, 1): 8, 40, 26
(17, 2): 6, 40, 27
(17, 3): 7, 40, 28
(18, 0): 4, 39, 29
(19, 0): 24, 41, 30
(20, 0): 21, 41, 31
(21, 0): 25, 41, 32
(22, 0): 23, 41, 33
(23, 0): 22, 41, 34
(24, 0): 26, 41, 35
(25, 0): 20, 41, 36
(26, 0): 19, 41, 37
(27, 0): 18, 42, 38
(28, 0): 3, 62, 39
(29, 0): 54, 34, 158
(29, 1): 30, 7, 159
(29, 2): 34, 35, 160
(29, 3): 35, 36, 161
(29, 4): 78, 4, 162
(29, 5): 31, 8, 163
(29, 6): 48, 31, 164
(29, 7): 47, 12, 165
(30, 0): 80, 19, 166
(30, 1): 51, 20, 167
(30, 2): 39, 26, 168
(30, 3): 40, 30, 169
(30, 4): 79, 17, 170
(30, 5): 62, 29, 172
(30, 6): 37, 18, 171
(30, 7): 36, 6, 173
(31, 0): 54, 34, 174
(31, 1): 30, 7, 175
(31, 2): 34, 35, 176
(31, 3): 35, 36, 177
(31, 4): 78, 4, 178
(31, 5): 31, 8, 179
(31, 6): 48, 31, 180
(31, 7): 47, 12, 181
(32, 0): 80, 19, 182
(32, 1): 51, 20, 183
(32, 2): 39, 26, 184
(32, 3): 40, 30, 185
(32, 4): 79, 17, 186
(32, 5): 62, 29, 188
(32, 6): 37, 18, 187
(32, 7): 36, 6, 189
(33, 0): 50, 20, 222
(33, 1): 77, 25, 223
(33, 2): 60, 11, 224
(33, 3): 75, 19, 225
(33, 4): 27, 15, 226
(33, 5): 76, 24, 227
(33, 6): 74, 17, 228
(33, 7): 61, 18, 229
(34, 0): 55, 33, 230
(34, 1): 29, 9, 231
(34, 2): 52, 22, 232
(34, 3): 73, 3, 233
(34, 4): 59, 21, 234
(34, 5): 32, 23, 235
(34, 6): 56, 16, 236
(34, 7): 28, 2, 237
(35, 0): 67, 22, 120
(35, 1): 16, 41, 121
(36, 0): 68, 34, 122
(36, 1): 72, 27, 123
(36, 2): 14, 41, 124
(37, 0): 84, 33, 125
(37, 1): 82, 4, 126
(37, 2): 15, 41, 127
(38, 0): 70, 1, 129
(38, 1): 63, 29, 128
(38, 2): 13, 41, 130
(39, 0): 65, 9, 131
(39, 1): 10, 41, 132
(40, 0): 11, 41, 133
(41, 0): 1, 37, 134
(41, 1): 1, 38, 135
(41, 2): 2, 45, 136
(41, 3): 2, 44, 137
(42, 0): 66, 31, 138
(42, 1): 83, 16, 139
(42, 2): 12, 41, 140
(43, 0): 81, 3, 141
(43, 1): 64, 2, 142
(43, 2): 9, 41, 143
(44, 0): 5, 40, 144
(44, 1): 8, 40, 145
(44, 2): 6, 40, 146
(44, 3): 7, 40, 147
(45, 0): 4, 39, 148
(46, 0): 24, 41, 149
(47, 0): 21, 41, 150
(48, 0): 25, 41, 151
(49, 0): 23, 41, 152
(50, 0): 22, 41, 153
(51, 0): 26, 41, 154
(52, 0): 20, 41, 155
(53, 0): 19, 41, 156
(54, 0): 18, 42, 157
(55, 0): 3, 43, 238
(56, 0): 41, 11, 72
(56, 1): 1, 37, 74
(56, 2): 57, 25, 75
(56, 3): 53, 10, 76
(56, 4): 38, 21, 81
(56, 5): 69, 1, 73
(56, 6): 1, 38, 78
(56, 7): 42, 14, 79
(57, 0): 71, 27, 80
(57, 1): 46, 15, 82
(57, 2): 43, 28, 77
(57, 3): 49, 24, 83
(57, 4): 44, 5, 84
(57, 5): 58, 32, 85
(57, 6): 33, 23, 86
(57, 7): 45, 13, 87
(58, 0): 41, 11, 88
(58, 1): 1, 37, 90
(58, 2): 57, 25, 91
(58, 3): 53, 10, 92
(58, 4): 38, 21, 97
(58, 5): 69, 1, 89
(58, 6): 1, 38, 94
(58, 7): 42, 14, 95
(59, 0): 71, 27, 96
(59, 1): 46, 15, 98
(59, 2): 43, 28, 93
(59, 3): 49, 24, 99
(59, 4): 44, 5, 100
(59, 5): 58, 32, 101
(59, 6): 33, 23, 102
(59, 7): 45, 13, 103
(60, 0): 41, 11, 190
(60, 1): 2, 44, 192
(60, 2): 57, 25, 193
(60, 3): 53, 10, 194
(60, 4): 38, 21, 199
(60, 5): 69, 1, 191
(60, 6): 2, 45, 196
(60, 7): 42, 14, 197
(61, 0): 71, 27, 198
(61, 1): 46, 15, 200
(61, 2): 43, 28, 195
(61, 3): 49, 24, 201
(61, 4): 44, 5, 202
(61, 5): 58, 32, 203
(61, 6): 33, 23, 204
(61, 7): 45, 13, 205
(62, 0): 41, 11, 206
(62, 1): 2, 44, 208
(62, 2): 57, 25, 209
(62, 3): 53, 10, 210
(62, 4): 38, 21, 215
(62, 5): 69, 1, 207
(62, 6): 2, 45, 212
(62, 7): 42, 14, 213
(63, 0): 71, 27, 214
(63, 1): 46, 15, 216
(63, 2): 43, 28, 211
(63, 3): 49, 24, 217
(63, 4): 44, 5, 218
(63, 5): 58, 32, 219
(63, 6): 33, 23, 220
(63, 7): 45, 13, 221
(64, 0): 105, 42, 0
(64, 1): 89, 11, 239
(64, 2): 105, 42, 0
(64, 3): 90, 36, 240
(64, 4): 105, 42, 0
(64, 5): 91, 15, 241
(64, 6): 105, 42, 0
(64, 7): 92, 7, 242
(64, 8): 105, 42, 0
(64, 9): 93, 20, 243
(64, 10): 105, 42, 0
(64, 11): 94, 25, 244
(64, 12): 105, 42, 0
(64, 13): 95, 33, 245
(65, 0): 105, 42, 0
(65, 1): 96, 6, 246
(65, 2): 105, 42, 0
(65, 3): 97, 32, 247
(65, 4): 105, 42, 0
(65, 5): 98, 33, 248
(65, 6): 105, 42, 0
(65, 7): 99, 20, 249
(65, 8): 105, 42, 0
(65, 9): 100, 15, 250
(66, 0): 105, 42, 0
(66, 1): 101, 2, 251
(66, 2): 105, 42, 0
(66, 3): 102, 3, 252
(66, 4): 105, 42, 0
(66, 5): 103, 14, 253
(66, 6): 105, 42, 0
(66, 7): 104, 24, 254
