(0, 5): 1, 42, 0
(1, 5): 1, 6, 0
(1, 6): 1, 7, 0
(1, 7): 1, 8, 0
(1, 8): 1, 9, 0
(14, 0): 1, 37, 15
(14, 1): 1, 38, 16
(41, 0): 1, 37, 134
(41, 1): 1, 38, 135
(56, 1): 1, 37, 74
(56, 6): 1, 38, 78
(58, 1): 1, 37, 90
(58, 6): 1, 38, 94
(14, 2): 2, 45, 17
(14, 3): 2, 44, 18
(41, 2): 2, 45, 136
(41, 3): 2, 44, 137
(60, 1): 2, 44, 192
(60, 6): 2, 45, 196
(62, 1): 2, 44, 208
(62, 6): 2, 45, 212
(28, 0): 3, 62, 39
(55, 0): 3, 43, 238
(18, 0): 4, 39, 29
(45, 0): 4, 39, 148
(17, 0): 5, 40, 25
(44, 0): 5, 40, 144
(17, 2): 6, 40, 27
(44, 2): 6, 40, 146
(17, 3): 7, 40, 28
(44, 3): 7, 40, 147
(17, 1): 8, 40, 26
(44, 1): 8, 40, 145
(16, 2): 9, 41, 24
(43, 2): 9, 41, 143
(12, 1): 10, 41, 13
(39, 1): 10, 41, 132
(13, 0): 11, 41, 14
(40, 0): 11, 41, 133
(15, 2): 12, 41, 21
(42, 2): 12, 41, 140
(11, 2): 13, 41, 11
(38, 2): 13, 41, 130
(9, 2): 14, 41, 5
(36, 2): 14, 41, 124
(10, 2): 15, 41, 8
(37, 2): 15, 41, 127
(8, 1): 16, 41, 2
(35, 1): 16, 41, 121
(0, 2): 17, 42, 0
(0, 3): 17, 42, 0
(0, 4): 17, 42, 0
(1, 2): 17, 42, 0
(1, 3): 17, 42, 0
(1, 4): 17, 42, 0
(27, 0): 18, 42, 38
(54, 0): 18, 42, 157
(26, 0): 19, 41, 37
(53, 0): 19, 41, 156
(25, 0): 20, 41, 36
(52, 0): 20, 41, 155
(20, 0): 21, 41, 31
(47, 0): 21, 41, 150
(23, 0): 22, 41, 34
(50, 0): 22, 41, 153
(22, 0): 23, 41, 33
(49, 0): 23, 41, 152
(19, 0): 24, 41, 30
(46, 0): 24, 41, 149
(21, 0): 25, 41, 32
(48, 0): 25, 41, 151
(24, 0): 26, 41, 35
(51, 0): 26, 41, 154
(6, 4): 27, 15, 108
(33, 4): 27, 15, 226
(7, 7): 28, 2, 119
(34, 7): 28, 2, 237
(7, 1): 29, 9, 113
(34, 1): 29, 9, 231
(2, 1): 30, 7, 41
(4, 1): 30, 7, 57
(29, 1): 30, 7, 159
(31, 1): 30, 7, 175
(2, 5): 31, 8, 45
(4, 5): 31, 8, 61
(29, 5): 31, 8, 163
(31, 5): 31, 8, 179
(7, 5): 32, 23, 117
(34, 5): 32, 23, 235
(57, 6): 33, 23, 86
(59, 6): 33, 23, 102
(61, 6): 33, 23, 204
(63, 6): 33, 23, 220
(2, 2): 34, 35, 42
(4, 2): 34, 35, 58
(29, 2): 34, 35, 160
(31, 2): 34, 35, 176
(2, 3): 35, 36, 43
(4, 3): 35, 36, 59
(29, 3): 35, 36, 161
(31, 3): 35, 36, 177
(3, 7): 36, 6, 55
(5, 7): 36, 6, 71
(30, 7): 36, 6, 173
(32, 7): 36, 6, 189
(3, 6): 37, 18, 53
(5, 6): 37, 18, 69
(30, 6): 37, 18, 171
(32, 6): 37, 18, 187
(56, 4): 38, 21, 81
(58, 4): 38, 21, 97
(60, 4): 38, 21, 199
(62, 4): 38, 21, 215
(3, 2): 39, 26, 50
(5, 2): 39, 26, 66
(30, 2): 39, 26, 168
(32, 2): 39, 26, 184
(3, 3): 40, 30, 51
(5, 3): 40, 30, 67
(30, 3): 40, 30, 169
(32, 3): 40, 30, 185
(56, 0): 41, 11, 72
(58, 0): 41, 11, 88
(60, 0): 41, 11, 190
(62, 0): 41, 11, 206
(56, 7): 42, 14, 79
(58, 7): 42, 14, 95
(60, 7): 42, 14, 197
(62, 7): 42, 14, 213
(57, 2): 43, 28, 77
(59, 2): 43, 28, 93
(61, 2): 43, 28, 195
(63, 2): 43, 28, 211
(57, 4): 44, 5, 84
(59, 4): 44, 5, 100
(61, 4): 44, 5, 202
(63, 4): 44, 5, 218
(57, 7): 45, 13, 87
(59, 7): 45, 13, 103
(61, 7): 45, 13, 205
(63, 7): 45, 13, 221
(57, 1): 46, 15, 82
(59, 1): 46, 15, 98
(61, 1): 46, 15, 200
(63, 1): 46, 15, 216
(2, 7): 47, 12, 47
(4, 7): 47, 12, 63
(29, 7): 47, 12, 165
(31, 7): 47, 12, 181
(2, 6): 48, 31, 46
(4, 6): 48, 31, 62
(29, 6): 48, 31, 164
(31, 6): 48, 31, 180
(57, 3): 49, 24, 83
(59, 3): 49, 24, 99
(61, 3): 49, 24, 201
(63, 3): 49, 24, 217
(6, 0): 50, 20, 104
(33, 0): 50, 20, 222
(3, 1): 51, 20, 49
(5, 1): 51, 20, 65
(30, 1): 51, 20, 167
(32, 1): 51, 20, 183
(7, 2): 52, 22, 114
(34, 2): 52, 22, 232
(56, 3): 53, 10, 76
(58, 3): 53, 10, 92
(60, 3): 53, 10, 194
(62, 3): 53, 10, 210
(2, 0): 54, 34, 40
(4, 0): 54, 34, 56
(29, 0): 54, 34, 158
(31, 0): 54, 34, 174
(7, 0): 55, 33, 112
(34, 0): 55, 33, 230
(7, 6): 56, 16, 118
(34, 6): 56, 16, 236
(56, 2): 57, 25, 75
(58, 2): 57, 25, 91
(60, 2): 57, 25, 193
(62, 2): 57, 25, 209
(57, 5): 58, 32, 85
(59, 5): 58, 32, 101
(61, 5): 58, 32, 203
(63, 5): 58, 32, 219
(7, 4): 59, 21, 116
(34, 4): 59, 21, 234
(6, 2): 60, 11, 106
(33, 2): 60, 11, 224
(6, 7): 61, 18, 111
(33, 7): 61, 18, 229
(3, 5): 62, 29, 54
(5, 5): 62, 29, 70
(30, 5): 62, 29, 172
(32, 5): 62, 29, 188
(11, 1): 63, 29, 9
(38, 1): 63, 29, 128
(16, 1): 64, 2, 23
(43, 1): 64, 2, 142
(12, 0): 65, 9, 12
(39, 0): 65, 9, 131
(15, 0): 66, 31, 19
(42, 0): 66, 31, 138
(8, 0): 67, 22, 1
(35, 0): 67, 22, 120
(9, 0): 68, 34, 3
(36, 0): 68, 34, 122
(56, 5): 69, 1, 73
(58, 5): 69, 1, 89
(60, 5): 69, 1, 191
(62, 5): 69, 1, 207
(11, 0): 70, 1, 10
(38, 0): 70, 1, 129
(57, 0): 71, 27, 80
(59, 0): 71, 27, 96
(61, 0): 71, 27, 198
(63, 0): 71, 27, 214
(9, 1): 72, 27, 4
(36, 1): 72, 27, 123
(7, 3): 73, 3, 115
(34, 3): 73, 3, 233
(6, 6): 74, 17, 110
(33, 6): 74, 17, 228
(6, 3): 75, 19, 107
(33, 3): 75, 19, 225
(6, 5): 76, 24, 109
(33, 5): 76, 24, 227
(6, 1): 77, 25, 105
(33, 1): 77, 25, 223
(2, 4): 78, 4, 44
(4, 4): 78, 4, 60
(29, 4): 78, 4, 162
(31, 4): 78, 4, 178
(3, 4): 79, 17, 52
(5, 4): 79, 17, 68
(30, 4): 79, 17, 170
(32, 4): 79, 17, 186
(3, 0): 80, 19, 48
(5, 0): 80, 19, 64
(30, 0): 80, 19, 166
(32, 0): 80, 19, 182
(16, 0): 81, 3, 22
(43, 0): 81, 3, 141
(10, 1): 82, 4, 7
(37, 1): 82, 4, 126
(15, 1): 83, 16, 20
(42, 1): 83, 16, 139
(10, 0): 84, 33, 6
(37, 0): 84, 33, 125
(0, 0): 85, 42, 0
(1, 0): 85, 42, 0
(0, 1): 86, 42, 0
(1, 1): 86, 42, 0
(64, 1): 89, 11, 239
(64, 3): 90, 36, 240
(64, 5): 91, 15, 241
(64, 7): 92, 7, 242
(64, 9): 93, 20, 243
(64, 11): 94, 25, 244
(64, 13): 95, 33, 245
(65, 1): 96, 6, 246
(65, 3): 97, 32, 247
(65, 5): 98, 33, 248
(65, 7): 99, 20, 249
(65, 9): 100, 15, 250
(66, 1): 101, 2, 251
(66, 3): 102, 3, 252
(66, 5): 103, 14, 253
(66, 7): 104, 24, 254
(64, 0): 105, 42, 0
(64, 2): 105, 42, 0
(64, 4): 105, 42, 0
(64, 6): 105, 42, 0
(64, 8): 105, 42, 0
(64, 10): 105, 42, 0
(64, 12): 105, 42, 0
(65, 0): 105, 42, 0
(65, 2): 105, 42, 0
(65, 4): 105, 42, 0
(65, 6): 105, 42, 0
(65, 8): 105, 42, 0
(66, 0): 105, 42, 0
(66, 2): 105, 42, 0
(66, 4): 105, 42, 0
(66, 6): 105, 42, 0
